FrameStep: 0.02
EndTime: 2.0
Viscosity: 1.0e-4
GrdInit: w.grd
GrdX0: -3.42947
GrdX1:  3.42947
GrdY0: -3.42947
GrdY1:  3.42947
GrdNumPts: 389
