FrameStep: 0.02
EndTime: 2.0
Viscosity: 1.0e-4
GrdInit: w.grd
GrdX0: -1.64402
GrdX1:  1.64402
GrdY0: -1.64402
GrdY1:  1.64402
GrdNumPts: 187
